1000
585598842
546134827
948640052
1729143777
52696645
710973915
721645174
113395884
413025842
1912713010
251327305
1174849719
1436007419
1747888577
962073800
1631711791
855911762
831897063
1247160431
258230682
1807440528
364633379
1462599827
64000551
1625436687
1218656097
1384212530
102304581
362920111
1380677009
1740641571
348739718
1474820937
1557861951
365897796
1813979890
536580794
1544223291
462970572
1732910604
1846748855
1749851800
666520728
989849499
1852134173
191777835
1627605287
206014952
363790703
379673667
1540123297
1158880394
1711079898
1645752427
603637216
489204327
1848093972
664608959
1176971371
1932122447
1741259886
1912511574
1252405547
1240322025
500910914
1580042214
1789764774
1098938823
477176584
1035292520
875168003
543932895
1999741778
1139515820
630207479
646684652
1422905205
347370511
1148674794
609837970
1804334980
1905641371
1113703637
761030008
939247373
135582779
665983816
560855210
21819664
1869359327
165413835
1993967691
785510280
170834200
1794788777
1929342197
1554400171
556046080
518129015
1512147277
1381091980
396990361
1341356983
1578390466
1317760634
105891943
795135223
335006128
1489384238
200632952
923482838
787421153
139401971
241876040
1935311902
1938121279
671073942
428599346
1509010256
113157350
1492752997
25503831
349456189
1980068862
739052690
1614385877
900145554
1108738785
1161753494
301033418
1326896079
751656700
231276098
244616504
1542747623
1444665494
1630550199
1166146839
1646871216
165837657
1491325883
1206510560
1139127841
1341239632
660803190
735158108
1446178856
1857824713
1863483762
1535315478
1942762257
310602274
613543675
1667888207
1461625536
500931204
1607711846
944877034
1513120013
705781441
1086432292
1821506565
543040883
1919312043
983836166
613793711
128851070
220565753
311555484
1777484740
1990191407
522512600
1412839099
9008927
392704816
1246691091
1324810320
36543026
932492821
722443415
1406047919
1538068541
944455851
198398390
260770499
1057476002
711969865
1483279206
1710798085
1252942559
252221274
817141147
1847838297
1944096264
283538131
1144960528
1679206716
1917365045
1982966521
1784928344
628328813
1774628114
98263459
685990129
1246453531
1788931200
1893181090
139585754
774165760
431756760
1155421124
830853686
515183396
1310902273
808461730
164932781
171776287
1600676370
639894504
567604903
738835526
964833015
701748427
963007647
134796998
1592860715
1613341895
932093953
1240177185
1255978728
1617434645
1753117175
385386870
600121813
1195553994
1410876819
280417221
998723977
1651128482
1311551153
1787640599
396928753
1474832678
1125101381
1137632445
1800351632
1680572638
49850323
226347014
9828921
424136002
1292552243
133561579
1032766758
70865765
1584633388
473733478
1500335639
177329752
1498974547
1333282335
940669304
1392307383
638521187
295599516
645254935
99173823
514092452
1728856712
379369279
1790691655
52283481
1315313763
6983536
265817179
1293124403
1497244763
1478569781
1386006564
530871061
1021460649
953296785
35183937
173254650
241438653
1208655807
354237147
876576701
483995547
780635139
111230974
452125217
669630940
447223177
945376796
519740149
264342686
1026616181
823531299
1706269912
1738892348
791317708
130275514
1073272544
1483676701
1390594952
693941963
661372385
1258053047
1151374425
1809371987
1682407265
1178155448
1811642890
1761510031
451908896
1436962109
530028607
1099194168
553864709
446436532
1514129498
934312792
309288640
155965308
1203637345
692490699
1051126515
1366564292
766004855
752509144
410024320
1537501484
1327999295
1799644453
1076499231
91052372
609834104
927581150
734436205
1803878503
1557669409
1706072657
139084137
865534086
103606821
1621308835
29097651
1316828855
658412157
1447275168
1854702506
475773833
149579489
780861819
760724336
781871246
691546900
560389205
1403400396
1379130506
1212996500
1095787363
1191127662
380059883
390640310
797769758
1980974151
308901643
82186973
1001636631
830534227
283336453
1243733119
724555106
1233228942
1370185722
882942772
344578681
718018632
1287503693
693653140
818439569
820934707
366030296
614706204
1185949128
1025300048
1483635993
1393508768
1807442082
1204416120
1448483858
754040776
1074799006
1609126334
584144182
927593642
1856487777
402152932
95204328
1171771003
1989438490
1502573304
1576010662
821117428
255785137
696965783
1196143823
501063902
1431785754
471007629
710523245
22926984
1857190935
551456544
793702707
1740361161
1207736138
908157156
1628198687
230149591
375945898
1473340791
1459928606
485989283
1568218887
1463249597
27867054
249642341
1847844213
966668112
531682780
638260475
1481165601
1256920432
393479350
1682448481
1910974073
1386575084
378559502
1148020057
921011025
204081346
1440130408
1318180610
610220769
1076109741
1640901102
1391836300
101769992
1325109115
1499526029
1539329275
719276343
1295101785
730143369
1795358807
1165644496
596292980
1682092455
74245780
1811489830
429653959
1557528880
1865099190
629421178
922825603
197767759
1030325234
1003713634
1668521517
1290782674
1782015848
1210304269
1034307772
297175278
1300548846
1476641416
1975177957
865755146
1963133878
1310202003
948404278
1273379941
1324500311
1561534220
254591516
1202882266
1474878145
658316981
1091375149
440657176
1228813712
1559840084
1343939439
288650952
1593529588
1322423701
973336213
661890799
1789849317
1739288910
746682322
1889795435
52981015
991024772
1550808553
148976278
809643086
35289350
195516243
686696398
464935551
549603277
949337006
1991675381
1643025941
78167358
961178550
1652236327
524729513
403581005
1795019149
1946079486
492389884
1460017427
858526004
778044567
566693530
373875392
1031712177
271791572
939795642
1192519420
629995317
1891720385
1916620090
1341344812
317807007
1073497584
1699503576
941030104
1710563679
1259687307
1426866740
438312089
1381598994
570188430
605042290
691313486
522766346
1579617167
1697165671
1252253393
1329621582
584986358
1852893354
283943795
598197033
1453444959
1029970306
36497792
739133305
1999337387
454248595
1623907234
1686417424
1668040333
509950904
743124631
435007862
1911545123
104890586
617837906
836874437
506585726
841174157
354900074
1409092654
1739124242
1671344974
1722559527
1186441109
296920918
1048482244
189474446
1657049188
1425605840
1396325117
534523537
1191805050
1047607732
1756229760
1806834135
1627113730
609378590
459008
626893816
1220956999
1041123669
1245751894
1670050734
592918789
165490816
684985336
1432379158
1615941090
1373853152
815997632
516094743
15503721
1539777275
1994543033
907980838
926973029
289396407
1278933990
665635661
968390767
937493468
1015771150
724802592
1981617950
1604986301
1580682838
616233193
203184557
1670660358
363399272
110147702
1161046307
480005505
1859905069
905764942
999407985
451994025
591388970
1881090176
1412847027
623954133
1679559264
1016317486
377403417
234723288
1127576390
414290734
399159860
1471985851
568025683
1422545966
854380598
233252593
940495362
1729970335
1223333247
1770070490
166652804
825449068
1853597823
516694902
187229674
322730514
405960505
547240524
1325400308
1837848120
267733205
1478738601
1281341514
1441305976
939052189
1076922904
1561468690
1791350083
1445042456
271620667
113829008
1704026809
1453984658
342634396
168518815
557088779
1120319782
559246169
375327326
1790651368
931549195
283371783
585944266
1629758590
1582573130
1206548558
1726525244
994640186
1060197498
1237836939
1146385681
235376222
1457747919
976537930
438866548
203638479
1798777475
431945771
1071405778
686604764
1760347248
1215790658
583753109
565182764
1106107449
1506567525
1835919102
1612420288
270350988
586242571
6929077
1768146022
1038729136
93526462
506917489
119211473
909480123
1155429007
1522766934
1137723352
304739585
532783058
382433812
1897506060
7339776
684457202
854063464
1077105977
1090564037
345440700
900293106
1502344152
257864743
825783358
1156095727
409136143
1570428921
962130835
220680459
1248207129
1924423881
1349244853
692398173
1271313248
166656132
759393148
1396542212
491384815
955683159
1561111352
505805178
88272284
1601804174
1412485349
1459084516
1887139689
845879033
1157286381
890663851
103452651
778732168
514558127
1209453932
1073717630
1044907779
446391309
695503957
1442167506
787352643
312446177
1679277010
573917091
1129798928
728491148
771013519
702257440
1110057409
648228291
718312766
895167193
416216047
139022466
1390121801
1270060864
738883257
76275416
1863317264
564943773
574999395
612922297
861200063
1107133992
1994718097
303425121
931817140
1128875125
1898073042
359121806
1226985155
484864584
1050468126
51097149
1399772855
1979054962
1380559982
730412616
774496459
1640542532
765778827
781817476
1482532144
201355696
980827482
218543999
1619346012
335859999
1780548592
417974857
1513198068
1720924114
1001617052
807975651
734080444
1007824606
1526258613
1240637531
1182089385
114170802
1867933285
439243054
1405089392
184552275
245782773
148788253
1820169975
63772531
1554915184
1063526330
145293452
846628799
1681869069
913049164
1919907373
743039114
102936050
1835823362
489433520
1572187515
132098229
740594367
197365068
1716388781
1843165767
1530802103
11850375
1162359693
567646628
1506266215
1235752054
323738998
565394719
1201934387
1013136927
1602030423
827136375
598236000
1604727509
1358375669
406484397
466120417
1742214043
1053420459
8180591
1202580024
630220024
1091039799
859869466
654878827
786545255
177050692
1302466883
1591618039
1501176427
1021547111
845193293
1611133431
869373820
1007617607
1564004606
1195133168
650949359
1765639374
597997483
93777572
738476661
1738035864
660175542
1326991992
546822276
567141054
1726575938
276078238
284811760
1331800342
49081220
700546254
1030392184
1407956041
1250165018
1662669705
1363906274
1238894759
1758881106
1474204207
885097470
1964753691
1146246519
1858790337
696554331
150347534
212642848
1558968476
16252627
985534229
393076043
1107830609
456390291
281570051
1197138431
572772670
311273545
955150359
1062957535
1416646161
1039883203
1253301734
1684513840
978924503
218488712
42962015
1520509867
1141817866
537924808
525836624
686007241
108563076
756078710
362355687
89665321
1052882200
1303919232
1369385486
1063004934
1592068452
1591666691
1663660712
1962873811
504938479
1488571379
1589056091
57258007
565804027
657118139
1453750076
1044138903
1577623574
273044400
714412995
724810720
546892511
1579284680
475631193
1910339955
681378572
847118270
935634743
1846578213
931048427
1613945455
518482296
1301860862
1152809181
1616080997
390991005
330807506
1534909743
1057991776
815095825
1057343945
1554451496
940108665
1384899328
66416516

