1000
115480669
140081679
1687651960
957135173
228436374
782614203
1031905957
1828372294
1785327980
196996525
364572962
1046540990
866292228
1397747346
167337155
1282308171
631385299
574137427
545383176
181400208
739094421
1232133613
661088004
706287453
155653836
1596890203
1693093582
1637467993
1113764810
1340990960
680363289
941274326
114746175
1970941676
1433927583
380427345
1668006966
213781865
750925254
588407730
923369731
1584274828
906482508
1890292180
1722566364
155533474
1790347898
762733357
583226979
1502825081
1682466068
645425101
370917636
208253455
1124439842
778600875
1105248599
1109646829
1541717833
1859456999
551179129
1389902305
824929980
1370313559
1708176783
1026600774
1672794894
854339083
929086191
1922119399
1300512781
1603278665
1181549332
1261810262
420844637
1459615207
953923268
478321855
544343571
1941462671
1047530136
166035224
1538375931
191463198
1826662998
1130596247
215752716
1410198152
407451391
981575559
1349354573
1814628379
1476249917
1381733522
1307771171
1290971209
219064562
1245699761
1073654046
100108024
504300745
1085969938
634452049
1960490216
705948049
554769366
1953830090
51697844
274710297
184959715
922661249
179083844
123819223
1779706032
1007526499
1462555381
1602348658
1154302773
129087884
951233120
493234182
1908918703
1884287212
294019435
309513941
879178532
1490337987
1706955896
22416200
1860490913
1862818130
1870086467
838093137
267293514
1273455985
863062396
1600078768
422066603
1882262213
1810995310
482813645
372059336
1619496738
1853743870
445023947
23838160
1508660575
1829596491
950429026
1012907321
1216865222
409891714
1870541374
874494058
890577959
67604584
1064916769
637302164
1360146841
1127424701
1396407807
1765224220
1476878199
935492416
458928429
1845711446
54720829
1706740794
452504036
906448935
1132611113
1591517067
1077579500
21617354
725975990
1637465124
974985267
918652911
1236738657
1690002158
120997906
1575997773
1742026219
1318572332
87869964
1258421829
371915858
1041871870
498127339
1325570172
1842853633
296517265
1247041868
535200633
552483452
407742192
503242610
309131357
641419199
892345015
123133371
614409521
1784014933
1374288094
1510172751
1871310499
1691625183
944847553
1335897523
171735959
1388821908
1062564404
136659184
1142277203
862667101
1731187245
40301698
82973055
574368838
1370953077
333832512
337400521
1160517677
1308054333
152979943
1289230360
1396284554
689478068
1957174330
1191836487
1230820767
1602935978
1789596056
973609374
265063918
1152639541
1141713481
1619798627
798322330
313216788
309338474
387166940
182495706
925587361
821203509
373427934
1531562452
478071708
372259169
1078791499
539812929
766780393
1530826633
1884865291
993362605
242324908
1728290514
1676532410
338135892
1710005659
1493093750
1755652552
879968662
1338889954
1506446969
1547395358
564355304
1572558167
1079369937
127415939
1419142901
1816174097
1247630078
1606871673
113804221
276378578
1815559743
301715284
1179401029
1122355237
1215295106
802316157
728193182
1875318261
933533601
1458143758
402282689
1779554381
986724996
1228866145
601856032
1638944878
1075348818
528726555
809701315
1683391690
1076704810
1461239797
1322213182
1886620419
38810574
440670286
898208644
1807566858
730658729
1359242767
1612590830
1366912031
1642616193
1656792463
1143149729
632165153
757850177
896889544
1913518860
1616817098
34921264
356445071
771805077
1519872712
44152094
1973321681
41376041
1377487113
1170470180
1697594820
1190110615
755415385
695041700
1840339046
1754906866
445262061
1502316181
545514941
347075741
1341637092
1599143811
959437077
366093803
98097456
1374371120
662678596
1228239807
1950416980
230715662
810744227
1205580157
1198761893
794895319
1073508058
657219147
347838554
1959555806
703185008
796457975
115336853
1938936213
1583131640
262654627
339787815
977348710
596608886
1178867130
1976666852
850791082
1304980561
41758422
595344493
1196670000
618757452
101077142
934605683
1467396980
1909307447
152897545
294417724
992263721
1725027522
1919977455
1712207321
922404720
1596947345
1422317760
1325435697
889608419
1853041900
1813498107
1271439133
1665023375
1660123571
231652568
784143985
60480265
764664007
1629824399
750055044
1385897683
1200957924
535219927
1606459626
602189765
1723744291
298164942
532786854
734712386
979268604
1425533468
1696988164
384859756
1636992935
1028412375
1289920211
1083230073
534200680
659725610
851813283
1170700297
786271661
1944387902
1506560079
200281949
614092567
1957493044
48178265
1568563161
1689808621
1532326916
552576392
38849188
700183422
23076838
482251192
545053629
22954672
1080019963
1374607481
798562285
893666922
988912835
11445349
1124788211
543533148
1723408003
1829326079
1105087579
188477306
95223083
1782275085
445105446
725030432
1717355753
92142897
807691457
1636652081
1918016059
51157858
1151568553
1372936301
214283274
1663101187
1466917109
1581375244
1485828371
818902903
1474361123
1331934226
1940922307
716164591
1316620041
1488341866
1611934628
1607103519
120444874
1409235520
1148169270
1157006463
19834284
1787771266
1261713434
1925225139
1297033239
1941732142
906614622
423864359
1119184038
1319269328
887765556
97220475
1392007437
1948193925
1947271608
1369712687
1687738736
1922872347
853960881
637654183
1714496136
189991721
1118299585
297392496
1799139934
1784535922
268949109
1966137535
657241709
1184744844
1320834366
1717053748
1751472348
1549060381
1375919731
979226176
621775081
1269854523
658285764
452574557
878588045
749750949
1712868421
6289553
494076182
1649931503
422712185
737919517
148205056
147142649
1471821608
99161041
660253465
1497315761
1029046427
87256209
292199137
1851860454
1121687123
1979781919
79091662
797112026
1175858758
1410466107
1397096507
1589631970
1118025233
1827237902
213421024
295494536
150230123
1247029450
609349191
1753491684
235452618
1414609048
288227274
717124308
417538730
1662054246
397699696
195411555
78166958
735051079
1772043466
1924322957
1048690793
1127244593
919331605
145722210
1193252717
1354538345
1798227885
1596476120
514722864
219391569
1980879834
1261128560
1191506330
1078337947
724246094
554278173
1341265574
824851893
1234148247
915924340
589791175
412336017
558210436
475682004
743176663
1927733752
799384664
1772006100
191131945
1678674048
970022574
1101191150
815589853
73160815
1609776232
379460930
1108380898
692950977
1316795581
1305051811
1194388760
147247679
1573288773
14801639
1422366683
1866137901
517418238
1829034641
458516027
691692074
1402697406
1387525832
634019752
813501781
232736642
1774807410
278713831
1919907367
1488793297
218713502
1007788343
978474209
1676925123
518601727
533541837
259215429
1277903284
150219956
1566269840
1432595986
1491184573
854838234
1804684532
71949649
9135902
647646021
71425012
227263906
1324246995
652557084
648416650
91391274
451836515
1587050069
386158104
795923879
1446061286
1711402975
1725017533
2831559
78793277
1251082503
193366524
1268588289
1277150346
1612308167
193224009
1839250587
1222695457
1384747872
997219541
284375717
1732922297
1229177421
524563940
1738971735
1712835222
323695982
1730088933
326259496
1140725289
245456543
219094513
559569560
535534029
715124885
1747031762
443588682
1914753318
404094573
1547549196
1812201098
1375756529
15899205
95001910
1806236718
296438715
1848133010
757846797
1282592725
465931001
188143136
1839774588
358068120
176757909
1129621352
89506688
1974218979
486007073
1020817334
795981292
252848392
1598579867
307390694
50911078
1784451631
1002444279
1999193349
1570430497
24220968
224142750
962401899
1032208408
655170432
330590163
30502755
1437542949
1910268139
1170286226
1252784682
946857360
621260187
292781876
685428946
1705306646
1355390685
756703669
1010178185
1438435567
273680230
1742756757
60922418
1226882661
300322148
1076546811
1278091375
1567350245
986907655
550305355
1713181662
895331154
892672706
1331725574
180654299
1327871584
1835817802
262774775
1924993911
1524211551
1722828427
1466107759
615684575
424947759
1140568055
1159823064
776942969
378475801
1989197016
707188564
1793514331
1851551604
1456417649
1853158754
782551084
1175133326
1957383411
992241568
1295669864
1766765334
1006711589
1705733653
386798983
487903312
947364714
634674983
1581859906
1499674086
1924851576
1307791368
940195273
117294100
1737296096
591660317
1644242934
1786332057
785362960
641762903
1164566592
807632684
408369472
962182387
1192346826
1976372562
1677766224
1278519967
956689657
1615385583
328456150
1550219108
297619132
246878535
1310465632
1894470268
948009068
120533674
1432902101
725568240
1976702747
595104689
1863260706
468518312
1637679888
1603445249
1461411833
1529211359
1667092370
1130247427
1965811928
1574590950
959372132
1078027565
1397625371
1201842881
1564680786
741071155
130732487
1950367199
939670214
432869033
1347883260
27771841
1697016735
754156061
586970638
1071094325
1480100361
1241936563
1352226568
1405734411
282029738
378054547
1184423506
1495337429
988780214
1884295563
413575619
770580915
1957602944
369381272
462783967
1134414036
1080255114
543273599
278055676
1266167633
1635389094
1990062375
41790713
1449781233
8388253
1909212885
1726711935
46660096
217286266
1575603817
414238579
482269082
1443781853
723680362
742774068
467143585
412111895
100192794
533014421
264781506
1253291147
1450785710
369502861
1919925267
1707609627
1581304000
1480041695
739847542
1922627701
1030993197
1212978942
702472997
1365569036
749650
1259472965
816244510
43164428
185111762
143112336
431298163
402542970
823888553
1922128968
993866447
713723624
1214289161
1732894091
1997516888
1419448796
1747180873
534394082
901884801
421288123
99664039
1062580187
647796578
1653687004
1290186389
398129020
1725107389
850403867
387983382
214197058
1803811534
844863567
704299315
311761527
6326225
601752540
971622578
1579490816
1771233481
1386662412
398420976
1672470387
247672820
1220386730
1488729022
791941653
465504531
1511896176
1764213821
1247652156
1362187760
601993496
756436610
1251297036
10076692
1423330679
100391888
379563064
1212763524
1543192113
1508607225
315263084
354913256
178426112
1801589813
1576686921
991639863
178274806
587552015
113590921
1023217532
1515360640
874118306
120575085
641392130
1968622682
847734275
249976479
1383600286
1847527374
1680696875
1124968147
1445106228
1722466611
1910142651
65732817
664727039
1997108273
874034397
570364417
1907519924
1586443061
1149001083
1347938825
419326427
1793632728
674352111
479771099
274027481
296513283
1247161300
1507229731
1758100979
1241540244
538398129
1802981996
648787992
474215531
1211205197
90709811

