1000
919800045
1109563915
508075799
1850310639
768538537
1207802114
652865244
1648467114
1193730466
1120368799
726827716
4497537
822041419
798134013
428421350
742918238
1016055110
685941126
1460377954
1157968685
854002744
1548437010
131608406
1525897786
553440611
475685220
984885332
555898195
1997773303
612736923
1684726342
526217161
1790834363
1511334589
564457382
1234694802
94399868
1765518705
503867707
1994341956
555945042
483938795
1721450335
1525322781
282966404
1241772635
917201992
1726896903
1029680814
1466145919
1862095824
28131354
287970817
786595214
160490078
741485156
321716920
762984149
1781460848
1230167061
275079052
931054027
1978499869
1614675146
1856131943
133512328
1092111282
1608877225
1304243387
1330594967
1431674221
1323653180
1695933076
234739857
15156697
1334737167
256185694
265352460
18850934
866936072
1973325931
1638860693
237453638
454364973
820003162
1927764933
139153959
649849627
1052036179
1554240827
976831777
182205611
1269765930
1035978406
1998853741
420877668
1473444832
515793929
585800368
1087692485
397199782
651525386
1764005483
982460211
71981715
239683068
1684886333
419149706
809425118
1129704451
559862414
1590522914
1353514190
573142186
151614990
738935367
1364642993
584764004
435172295
471696443
1369163521
1781946251
206154713
83948560
1493615582
280246736
59502355
1750342969
1011613909
1168030378
1061765966
1433319727
1830937279
41482005
242183001
925998410
559227763
1703818339
6072415
1748325441
1899349036
1416548511
1662497900
1284505403
1169591457
286074359
968504103
362335312
1347246820
189437979
931697096
726648891
1231177811
1664520732
231487519
1828766751
1645742902
1683241155
424341769
1816138168
501464671
1363529931
1168862494
1690989278
127836609
1057212365
917091229
1040867124
417297198
217414355
1683649843
1890827782
754346480
679080055
927020700
796443581
397621258
1125235154
1833226842
898448536
1002549800
738766208
817746104
1108969741
329809344
710334602
1284414268
230405715
277744561
1728687655
713430770
1963811916
1103268779
1682934097
1520296234
1052864113
1398856159
351436787
497899342
1780482974
1662500617
398043550
304189648
1475131522
1887718294
647125266
219535585
36626424
412482775
938749089
662791075
671709178
1622792385
1298139436
467642996
1144671342
430310242
472423680
12483659
423062992
720710898
1596354753
410872246
473956483
929649296
1364477504
545393090
246626373
1225202778
289271866
1758889421
930825563
1896096131
1941348881
688520003
1638083874
1939740933
11304229
327990852
1490923796
1675490303
361123258
274675505
1325962697
1598551924
1453428511
1261418440
1364371540
1786076238
215498927
1588921642
591923868
1995476910
98430663
1105667791
801309022
1940128504
195122145
1567610131
1598415075
485440211
1963839598
264062257
1933800174
636161236
1528114086
1549989617
1580582561
225783454
1395663954
1104509965
1755865646
826642237
1636313894
1857342013
860085011
646377503
652375447
807530331
847709895
1576313530
1339992971
839807777
1850889004
947339800
1941214293
1268363366
145705064
1091923542
1657765450
391662639
1297633498
1152119027
351748174
483630074
1096869501
1179817484
1872953453
250044519
912064725
1939789949
152229503
1983612871
496425776
450050375
765466973
735169820
126584544
215879908
335545278
184425055
1701802421
1203388743
1353808980
1298579612
1577361362
12086483
119164710
1757791968
1329728495
1819955362
1311843297
646244247
807628316
461772548
1701112140
1828534871
845774182
336963322
792894351
974854112
950421155
971319659
1770005944
1301745432
380638565
1853886758
442170513
1657936639
767755301
104181595
658896363
408049093
1503096397
368902662
100289225
523831065
200312514
402035658
1331515572
1761163948
1601702924
665296586
1043427068
351238633
1307277682
1557934594
1908224320
893546678
1906581003
584132945
622878061
718059582
1936547082
1043683217
1634156094
732408438
1374664655
284106997
830864949
1491973044
1766578772
263828609
1289988597
1173679197
1322182331
869679495
1496795799
1914002734
529915712
147995680
921558755
251027522
950338444
182107038
1595532756
826007224
906379400
1046382464
1368527512
1397223213
945372525
703039917
1285803117
417854189
65464335
702393560
188932215
467015310
359747682
1501678702
1826242999
368544308
737688604
1270395063
976877654
1913017265
881218789
725571263
764340234
212108262
1431975350
99679616
981113504
1693578783
1889713403
512355358
787978438
1335964664
1075267320
243284425
1668141362
1196362584
884994260
164077776
571016799
232373580
1301150236
710594380
1130229609
155903703
272069533
1557091212
1861053197
1682330921
885841923
1945535845
1476516596
740321677
1120748195
1397689435
1590003803
1117471670
1430928080
1200952574
691575039
994765767
407689572
240508096
442597429
1966388372
707303123
481171757
420545175
719699709
1158727888
1054572027
615828289
1113825253
467992308
1374797508
1689627891
211471382
993537948
1818112458
284511331
1336282980
418813249
607212146
376462352
383227039
1263927845
1085587203
1035888026
388097074
1020610413
633975217
928206895
645080993
92490399
1270103885
230847182
1648672961
1345003296
784956040
1267355004
1772118436
1971030590
211804980
789523655
1508091706
427176885
760476502
1411085513
601475850
862821820
1715313346
1005008020
1411460725
280721704
150116839
405260278
334432805
821535455
1960663298
246580742
1695552848
1745501393
841958391
1571001668
1664467376
1709645797
469275825
1109031553
824599877
333313733
254627513
32299522
1413585714
397496633
1651456034
1932579219
1331813915
7967533
1158479797
1618166975
326137321
1612538612
670295322
1694251780
361507102
1658687766
1616912692
330529425
76234444
491091606
1613666979
494089282
204647571
1210948797
1827436640
788088255
1458039596
1376107581
1345200064
331627568
651835850
542163202
706828587
1275570760
1276801569
1333520677
1940885284
1166794844
1064624366
1735710087
533120133
1014274734
1051041683
577360566
1105042910
381194591
503880439
1809321265
804541295
1007882430
1223826352
1765512973
900887383
1702011707
737132314
364358131
1797678543
1531142698
459122828
1968996269
1737766312
1929687584
48708535
1424207607
1653099224
697256611
1346676281
1981156014
1022500672
1147780420
1627833777
1751177367
1988825282
1875172307
506176630
878363391
1077410606
583936964
267648612
1366608064
1873584596
1786388091
1050716532
458991010
593372521
1348504107
356047283
599716342
1962355131
1283061286
820338999
1892443070
1137099423
454363909
969519063
705273522
48477332
1122950438
1727287009
932219538
1163990318
303321600
1971553158
1380542716
1572849601
1664553006
96265541
1533176198
729211944
641582002
504827639
84567744
1650825749
933876471
475962
388535261
1592700758
338018881
916712101
479150664
189147713
945408197
1312594074
569454082
944061908
1793026678
697418989
23880830
923471390
816077713
1145700984
1736013667
1323677069
1804425161
1295060475
867694587
989038465
638071856
888740712
931910825
166222903
1370552167
138688686
1123241136
1354302444
1216696969
47946817
1334726841
1004202450
1280868861
34769883
1595030968
550760269
1524077673
732359554
732896300
1204864228
1956942670
1716423009
1138114127
1799004603
463259414
419707085
1472450777
1135343337
1710583400
749532778
1681540948
1015333498
1459737929
337947026
814991941
805561711
553391735
303219322
1008492819
833143016
1601809293
471188122
438484440
126326262
1052402031
796373525
341917851
1688541376
270218802
846073824
1271816560
777814457
1929695327
1037509037
1575099276
1369725200
1856149091
1629958275
1885241672
1616696080
525784887
696537263
1968186478
1661092137
438719059
697849175
1801508458
1908933220
1261979875
931117765
29433802
112239724
1110944071
409475090
702892291
1115627754
470211664
1354716287
1167031580
515675565
1385015391
1039051956
1263801140
900859235
1008668276
448400447
940651756
928101059
437510481
59028941
1935717327
1087716561
1033238531
1957179781
797662178
518380465
685706134
638625224
137165066
1964955403
1463498744
295371208
926978189
120652165
1360892050
1926589300
1851559357
457309596
1405657805
725402657
1945746110
504240874
37533222
104592517
1999398406
894064379
784706820
253024257
1500454183
1854198650
834710707
1468211530
109946020
1721885207
1705917654
803883134
1413249147
501644276
1921781595
343222890
1594699196
123873975
735677345
1183511579
435131894
446171890
756838555
1752731043
1328659273
1577853804
1373297098
1172730094
411465358
1139820422
257576752
1691239769
470215252
1866237423
606899857
682599794
416051712
1934365134
1504180455
633651636
1550622897
1157279578
373555793
771532392
1480450083
1947540677
27604983
1003412646
1654564550
563407099
1356258060
1437887049
513326904
1512180446
324454106
156107961
272305500
846320909
394025615
1459762920
1477394551
1391589585
1613680163
1094286250
422130506
144973913
669422867
1876324677
1150962343
114707236
188556548
449452405
1182543050
550889667
1950292106
1173793734
1633211249
1137828708
1713072620
1459903902
909982627
1735263568
371503355
1409844011
920199073
989838225
154145963
796252649
1575448778
215928774
443843509
485647911
1728607889
1530842866
335514789
253781589
1639338241
488167710
1396976773
722871533
1305146039
242627811
1100308860
1164280262
1032057607
1074814257
825502431
1535084301
355277667
716882137
395558314
396183242
73046003
337828361
1298837468
1294624982
429135397
1314462555
823942317
864551891
359017515
883519648
1820191893
288641830
10769405
1695206933
1942784368
1605524764
170170445
1649083004
1525269019
101426616
590383920
1692400102
1950947953
1048898895
1084596928
677671363
90322351
1628243872
1735249155
1860128678
66659164
1851486266
1373888920
383149985
1897975486
1335915458
227891305
1996615222
1748791279
866941271
714311800
843797062
1513032735
799002890
242427200
747712791
783821914
1507787434
8540426
1398492512
1774727205
604133675
592690226
982899871
787870108
1451185166
1474227781
1212039595
669969257
1285122797
1523118486
1260709065
1837276024
952761751
249230532
637784478
1022082660
1592986565
1101676126
1483462588
544214795
175903652
1146017025
1318725709
566778316
1981168749
562945185
857278730
958873115
1583707908
612668878
1850133664
524276187
1139346399
191277977
1890551951
146457849
1661479005
440320789
765206130
1213044938
45469433
274787611
1629285557
1400605944
1189022068
1861139065
689584855
650507263
558457841
245937116
1816212356
161271316
1974023222
828853672
336767545
276268224
1523277125
827956074
1624292203
1145720371
1929063557
775406988
544725674
1329899150
1063705552
182553222
1670750125
518412819
541348199
1269102213

